 5 3 2 100 1 100 4 啦啦啦 5 3 2 100 1 100 1 拉拉 5 4 3 100 1 100 2 啦啦啦 5 5 4 100 1 100 3 啦啦啦 
7 5 3 102 2 102 4 haveatry 7 5 3 102 2 102 1 la 7 5 3 102 2 102 2 lalal 7 5 3 102 2 102 3 lala 
9 7 4 104 3 104 4 name 9 7 4 104 3 104 3 name 9 7 4 104 3 104 2 name 9 7 4 104 3 104 1 name 
11 9 5 106 4 106 4 name 11 9 5 106 4 106 3 name 11 9 5 106 4 106 2 name 11 9 5 106 4 106 1 name 
13 11 6 108 5 108 4 name 13 11 6 108 5 108 3 name 13 11 6 108 5 108 2 name 13 11 6 108 5 108 1 name 
23 21 11 118 10 118 4 name 23 21 11 118 10 118 3 name 23 21 11 118 10 118 2 name 23 21 11 118 10 118 1 name 
33 31 16 128 15 128 4 name 33 31 16 128 15 128 3 name 33 31 16 128 15 128 2 name 33 31 16 128 15 128 1 name 
53 51 26 148 25 148 4 name 53 51 26 148 25 148 3 name 53 51 26 148 25 148 2 name 53 51 26 148 25 148 1 name 
73 71 36 168 35 168 4 name 73 71 36 168 35 168 3 name 73 71 36 168 35 168 2 name 73 71 36 168 35 168 1 name 
93 91 46 188 45 188 4 name 93 91 46 188 45 188 3 name 93 91 46 188 45 188 2 name 93 91 46 188 45 188 1 name 
113 111 56 208 55 208 4 name 113 111 56 208 55 208 3 name 113 111 56 208 55 208 2 name 113 111 56 208 55 208 1 name 
133 131 66 228 65 228 4 name 133 131 66 228 65 228 3 name 133 131 66 228 65 228 2 name 133 131 66 228 65 228 1 name 
153 151 76 248 75 248 4 name 153 151 76 248 75 248 3 name 153 151 76 248 75 248 2 name 153 151 76 248 75 248 1 name 
173 171 86 268 85 268 4 name 173 171 86 268 85 268 3 name 173 171 86 268 85 268 2 name 173 171 86 268 85 268 1 name 
193 191 96 288 95 288 4 name 193 191 96 288 95 288 3 name 193 191 96 288 95 288 2 name 193 191 96 288 95 288 1 name 
203 201 111 298 100 298 4 name 203 201 111 298 100 298 3 name 203 201 111 298 100 298 2 name 203 201 111 298 100 298 1 name 